[gd_scene load_steps=2 format=3 uid="uid://bfopcepvp3qd1"]

[ext_resource type="PackedScene" uid="uid://c0wwpu2jdhimy" path="res://Models/Mage.fbx" id="1_y4der"]

[node name="Mage" instance=ExtResource("1_y4der")]

[node name="Skeleton3D" parent="Rig" index="0"]
bones/1/position = Vector3(-2.36658e-30, 0.392064, 0)
bones/1/rotation = Quaternion(-1.11128e-10, 0.0431578, 2.57241e-09, 0.999068)
bones/2/rotation = Quaternion(5.34989e-15, 1.3312e-30, -2.498e-16, 1)
bones/3/rotation = Quaternion(6.93889e-18, -1.79843e-41, -2.22045e-16, 1)
bones/5/position = Vector3(0.212007, 0.134132, 8.33072e-08)
bones/5/rotation = Quaternion(-0.559906, -0.0608803, -0.643974, 0.517779)
bones/6/rotation = Quaternion(-6.42991e-09, -1.92897e-08, -0.494719, 0.869053)
bones/8/rotation = Quaternion(-0.321065, -0.325319, 0.145726, 0.87741)
bones/9/position = Vector3(1.43316e-08, 0.0961252, -0.0575)
bones/9/rotation = Quaternion(-8.92696e-09, 1.21465e-08, -0.707107, 0.707107)
bones/12/position = Vector3(-0.212007, 0.134132, 8.88951e-08)
bones/12/rotation = Quaternion(-0.618244, 0.0807287, 0.618011, 0.478873)
bones/13/rotation = Quaternion(-8.70987e-09, 5.00818e-08, 0.517939, 0.855417)
bones/15/rotation = Quaternion(-0.319291, 0.300524, -0.22735, 0.869512)
bones/16/position = Vector3(-2.08809e-09, 0.0961252, -0.0575001)
bones/16/rotation = Quaternion(-1.41953e-08, -1.74148e-08, 0.707107, 0.707107)
bones/19/rotation = Quaternion(-5.80654e-11, -0.0313417, -1.88013e-09, 0.999509)
bones/21/position = Vector3(0.170945, 0.113587, 1.18263e-08)
bones/21/rotation = Quaternion(0.996185, 0.0479136, 0.0566427, -0.0459387)
bones/22/rotation = Quaternion(0.165015, 6.3502e-08, -1.10302e-07, 0.986291)
bones/23/rotation = Quaternion(-0.533729, -0.260895, -1.71586e-05, 0.804405)
bones/24/rotation = Quaternion(5.66916e-09, 0.920355, -0.391084, 1.42272e-07)
bones/25/position = Vector3(-0.170945, 0.113587, 1.74142e-08)
bones/25/rotation = Quaternion(0.997322, -0.0294574, 0.0315293, 0.0590486)
bones/26/rotation = Quaternion(0.274009, -6.33082e-08, 1.89985e-07, 0.961727)
bones/27/rotation = Quaternion(-0.55904, 0.114513, -0.00862758, 0.82115)
bones/28/rotation = Quaternion(-3.18979e-09, 0.920355, -0.391084, -1.43326e-07)
bones/29/rotation = Quaternion(0.707107, -2.29302e-07, -4.60551e-08, 0.707107)
bones/30/position = Vector3(0.213918, 0.0259903, 0.173866)
bones/30/rotation = Quaternion(-0.705092, 0.0533355, 0.0533355, 0.705092)
bones/31/position = Vector3(-1.79308e-09, 0.362833, -2.17783e-08)
bones/31/rotation = Quaternion(9.65792e-09, 1.77955e-09, 0.985719, -0.168398)
bones/32/position = Vector3(-4.62254e-09, 0.213436, 4.99399e-09)
bones/32/rotation = Quaternion(-1.28929e-07, 0.391084, 0.920355, -8.98959e-08)
bones/33/position = Vector3(2.27081e-09, 0.16565, 0)
bones/36/rotation = Quaternion(0.707107, -3.82385e-08, 1.45009e-07, 0.707107)
bones/37/rotation = Quaternion(-0.707107, -7.05285e-08, -7.05285e-08, 0.707107)
bones/38/rotation = Quaternion(-5.83589e-09, 6.43837e-10, 0.994809, 0.101756)
bones/39/position = Vector3(1.31306e-08, 0.213436, 1.7969e-09)
bones/39/rotation = Quaternion(-1.27811e-07, 0.391084, 0.920355, -9.03709e-08)
bones/40/position = Vector3(2.55539e-08, 0.16565, 8.3819e-09)
bones/43/rotation = Quaternion(-0.707107, -7.27951e-08, -7.27951e-08, 0.707107)
bones/44/position = Vector3(0.520841, 0.788312, -0.0576374)
bones/44/rotation = Quaternion(-0.794627, 1.2666e-07, -0.607098, 3.72529e-09)
bones/45/rotation = Quaternion(-0.707107, -7.27951e-08, -7.27951e-08, 0.707107)
bones/46/position = Vector3(-0.510844, 0.788312, 0.0597369)
bones/46/rotation = Quaternion(-0.758253, -1.52737e-07, 0.651961, 2.98023e-08)

[node name="Mage_Cape" parent="Rig/Skeleton3D" index="0"]
transform = Transform3D(0.996275, -1.38015e-09, 0.0862353, 1.36097e-09, 1, 2.81247e-10, -0.0862353, -1.62828e-10, 0.996275, -1.2997e-08, 1.20227, -1.54504e-07)
bone_idx = 4

[node name="Spellbook" parent="Rig/Skeleton3D" index="1"]
transform = Transform3D(7.79735e-07, 0.262863, 0.964833, 1, -5.91255e-07, -2.98023e-08, 8.72678e-07, 0.964833, -0.262863, 0.577621, 0.636705, 0.237873)
bone_idx = 10

[node name="Spellbook_open" parent="Rig/Skeleton3D" index="2"]
transform = Transform3D(7.79735e-07, 0.262863, 0.964833, 1, -5.91255e-07, -2.98023e-08, 8.72678e-07, 0.964833, -0.262863, 0.545985, 0.636705, 0.121754)
bone_idx = 11

[node name="1H_Wand" parent="Rig/Skeleton3D" index="3"]
transform = Transform3D(5.39318e-07, -0.149895, -0.988702, -1, 5.9687e-07, -2.98023e-08, 3.56422e-07, 0.988702, -0.149895, -0.491061, 0.64103, 0.106596)
bone_idx = 17

[node name="2H_Staff" parent="Rig/Skeleton3D" index="4"]
transform = Transform3D(5.39318e-07, -0.149895, -0.988702, -1, 5.9687e-07, -2.98023e-08, 3.56422e-07, 0.988702, -0.149895, -0.491061, 0.64103, 0.106596)
bone_idx = 18

[node name="Mage_Hat" parent="Rig/Skeleton3D" index="5"]
transform = Transform3D(0.99972, -3.67808e-10, 0.0236466, 3.59789e-10, 1, 3.43476e-10, -0.0236466, -3.34865e-10, 0.99972, -7.48419e-09, 1.7705, -1.7987e-07)
bone_idx = 20
